"id","learning_rate","num_hidden","num_neurons","dropout_hidden","mse"
752,0.04,1,400,0.6,0.888397587377108
653,0.06,1,400,0.65,0.904631931138067
652,0.04,1,400,0.65,0.910655952656847
577,0.04,1,500,0.7,0.91973087118932
777,0.04,1,500,0.6,0.939096828216828
702,0.04,1,100,0.6,0.939206062425443
903,0.06,1,100,0.5,0.971033308584358
677,0.04,1,500,0.65,0.971525277810539
453,0.06,1,400,0.75,0.981787918094354
603,0.06,1,100,0.65,0.990764573404751
552,0.04,1,400,0.7,0.990794757843133
527,0.04,1,200,0.7,1.00662117561044
402,0.04,1,100,0.75,1.00691698751948
427,0.04,1,200,0.75,1.01943569845492
701,0.01,1,100,0.6,1.02168820575043
703,0.06,1,100,0.6,1.02721719816839
403,0.06,1,100,0.75,1.02904296534957
801,0.01,1,100,0.55,1.03285527005615
877,0.04,1,500,0.55,1.05070180347909
926,0.01,1,200,0.5,1.06806776526894
278,0.06,1,500,0.85,1.07719522955118
477,0.04,1,500,0.75,1.07786021143927
927,0.04,1,200,0.5,1.08269855659201
503,0.06,1,100,0.7,1.08521851091091
352,0.04,1,400,0.8,1.08659071410049
576,0.01,1,500,0.7,1.10106838361054
876,0.01,1,500,0.55,1.10149253264259
426,0.01,1,200,0.75,1.10446884305383
377,0.04,1,500,0.8,1.10545338610153
951,0.01,1,400,0.5,1.11004424946218
651,0.01,1,400,0.65,1.11022762636498
601,0.01,1,100,0.65,1.11323984099221
501,0.01,1,100,0.7,1.11343308772121
551,0.01,1,400,0.7,1.11816096113989
751,0.01,1,400,0.6,1.11875004796862
928,0.06,1,200,0.5,1.11945535161245
627,0.04,1,200,0.65,1.12205470501694
976,0.01,1,500,0.5,1.12615090316426
428,0.06,1,200,0.75,1.13041310334316
180,0.14,1,500,0.9,1.13201877474784
154,0.1,1,400,0.9,1.13707920661401
776,0.01,1,500,0.6,1.1373241791331
826,0.01,1,200,0.55,1.14069764006654
203,0.06,1,100,0.85,1.14100016360522
901,0.01,1,100,0.5,1.149819348664
851,0.01,1,400,0.55,1.15805843154691
726,0.01,1,200,0.6,1.15828282750736
152,0.04,1,400,0.9,1.15884749067824
676,0.01,1,500,0.65,1.15914383662775
228,0.06,1,200,0.85,1.16826096250649
429,0.1,1,200,0.75,1.16980769610118
304,0.1,1,100,0.8,1.17147790138136
177,0.04,1,500,0.9,1.17480879070965
127,0.04,1,200,0.9,1.17683687556538
476,0.01,1,500,0.75,1.18275220635338
626,0.01,1,200,0.65,1.18479961171445
252,0.04,1,400,0.85,1.19312647032197
128,0.06,1,200,0.9,1.19318409129991
376,0.01,1,500,0.8,1.19609242123142
329,0.1,1,200,0.8,1.19781176612123
130,0.14,1,200,0.9,1.20028375652483
502,0.04,1,100,0.7,1.20144054552847
102,0.04,1,100,0.9,1.20620799773821
103,0.06,1,100,0.9,1.2088377202798
205,0.14,1,100,0.85,1.21420061862373
526,0.01,1,200,0.7,1.21883209729262
303,0.06,1,100,0.8,1.22819548493624
204,0.1,1,100,0.85,1.23347617312743
827,0.04,1,200,0.55,1.24336909265284
105,0.14,1,100,0.9,1.24483917883078
52,0.04,1,400,0.95,1.2556213502809
104,0.1,1,100,0.9,1.25722277815621
604,0.1,1,100,0.65,1.25952637487444
782,0.04,2,500,0.6,1.25970910049312
905,0.14,1,100,0.5,1.2622293910604
77,0.04,1,500,0.95,1.26300258698962
54,0.1,1,400,0.95,1.26369929010848
53,0.06,1,400,0.95,1.26496536266711
583,0.06,2,500,0.7,1.26920665302593
29,0.1,1,200,0.95,1.27324688984465
30,0.14,1,200,0.95,1.27746275920152
434,0.1,2,200,0.75,1.28112973057361
28,0.06,1,200,0.95,1.28177361861548
4,0.1,1,100,0.95,1.28313819798865
908,0.06,2,100,0.5,1.28966236693861
55,0.14,1,400,0.95,1.2912899459114
582,0.04,2,500,0.7,1.29136607707084
956,0.01,2,400,0.5,1.29527555226362
408,0.06,2,100,0.75,1.29647683267703
631,0.01,2,200,0.65,1.29736592744941
681,0.01,2,500,0.65,1.29856506173538
283,0.06,2,500,0.85,1.29888683488432
507,0.04,2,100,0.7,1.29899828304913
307,0.04,2,100,0.8,1.29908148884092
78,0.06,1,500,0.95,1.29926109400336
936,0.01,3,200,0.5,1.29941480170594
437,0.04,3,200,0.75,1.29962085552061
546,0.01,5,200,0.7,1.29966781424736
691,0.01,4,500,0.65,1.29967017491587
725,0.14,5,100,0.6,1.29987559051212
325,0.14,5,100,0.8,1.29987926611685
861,0.01,3,400,0.55,1.29988878168851
193,0.06,4,500,0.9,1.29989196933207
63,0.06,3,400,0.95,1.29992423621944
109,0.1,2,100,0.9,1.29996519250227
19,0.1,4,100,0.95,1.2999767285249
144,0.1,4,200,0.9,1.29998639261933
10,0.14,2,100,0.95,1.30011592528446
447,0.04,5,200,0.75,1.30014286550546
367,0.04,4,400,0.8,1.30016775356305
93,0.06,4,500,0.95,1.30038968569485
94,0.1,4,500,0.95,1.30039462809871
73,0.06,5,400,0.95,1.30045606992548
197,0.04,5,500,0.9,1.30048332869914
142,0.04,4,200,0.9,1.30051155080539
24,0.1,5,100,0.95,1.30064328282083
39,0.1,3,200,0.95,1.30073867523116
921,0.01,5,100,0.5,1.30085715359665
571,0.01,5,400,0.7,1.3008643627153
967,0.04,4,400,0.5,1.30092552409346
656,0.01,2,400,0.65,1.30095928716477
108,0.06,2,100,0.9,1.30097138108439
736,0.01,3,200,0.6,1.30113342627211
267,0.04,4,400,0.85,1.30117391600737
83,0.06,2,500,0.95,1.30122214003624
15,0.14,3,100,0.95,1.30127358641402
58,0.06,2,400,0.95,1.30130858024974
532,0.04,2,200,0.7,1.30134326124831
308,0.06,2,100,0.8,1.30137406360892
322,0.04,5,100,0.8,1.30146145418867
817,0.04,4,100,0.55,1.30147709090108
939,0.1,3,200,0.5,1.30162284508416
505,0.14,1,100,0.7,1.30182031225769
258,0.06,2,400,0.85,1.30200203287508
188,0.06,3,500,0.9,1.30203153439448
415,0.14,3,100,0.75,1.30205368360207
43,0.06,4,200,0.95,1.30218898455091
481,0.01,2,500,0.75,1.30222223841374
517,0.04,4,100,0.7,1.30235261294732
351,0.01,1,400,0.8,1.30243259774621
467,0.04,4,400,0.75,1.30246259706405
557,0.04,2,400,0.7,1.30271187654381
98,0.06,5,500,0.95,1.30298426739729
123,0.06,5,100,0.9,1.30327627093615
48,0.06,5,200,0.95,1.30387677916065
233,0.06,2,200,0.85,1.3039066551052
90,0.14,3,500,0.95,1.30395930473443
264,0.1,3,400,0.85,1.30415032310268
147,0.04,5,200,0.9,1.30436015078727
821,0.01,5,100,0.55,1.30455951069773
756,0.01,2,400,0.6,1.3049302734493
82,0.04,2,500,0.95,1.3052782016408
646,0.01,5,200,0.65,1.30540109032035
88,0.06,3,500,0.95,1.30541710440986
138,0.06,3,200,0.9,1.30548291360288
647,0.04,5,200,0.65,1.30555627815072
523,0.06,5,100,0.7,1.30574029118641
548,0.06,5,200,0.7,1.30580140268583
696,0.01,5,500,0.65,1.305946968284
157,0.04,2,400,0.9,1.30596447075585
846,0.01,5,200,0.55,1.30616261138164
13,0.06,3,100,0.95,1.30632928810615
911,0.01,3,100,0.5,1.30636979985848
118,0.06,4,100,0.9,1.30654120868821
234,0.1,2,200,0.85,1.30664035355914
716,0.01,4,100,0.6,1.30682206784011
69,0.1,4,400,0.95,1.30839886173211
33,0.06,2,200,0.95,1.30842697597363
209,0.1,2,100,0.85,1.30891667960537
9,0.1,2,100,0.95,1.3093058540909
158,0.06,2,400,0.9,1.30940154396289
219,0.1,4,100,0.85,1.30941368809327
433,0.06,2,200,0.75,1.30951547831846
137,0.04,3,200,0.9,1.30984982829312
20,0.14,4,100,0.95,1.31008443120736
731,0.01,2,200,0.6,1.31015788475825
912,0.04,3,100,0.5,1.31049273641261
497,0.04,5,500,0.75,1.31083527058769
356,0.01,2,400,0.8,1.31086944931438
99,0.1,5,500,0.95,1.31092691828716
187,0.04,3,500,0.9,1.31222991673597
741,0.01,4,200,0.6,1.31223001161031
637,0.04,3,200,0.65,1.31265434963809
68,0.06,4,400,0.95,1.31269395579034
966,0.01,4,400,0.5,1.31302687167679
587,0.04,3,500,0.7,1.31302945382286
542,0.04,4,200,0.7,1.3131618164788
392,0.04,4,500,0.8,1.31374595249284
922,0.04,5,100,0.5,1.31390271042068
919,0.1,4,100,0.5,1.31395109441292
213,0.06,3,100,0.85,1.31398068754364
84,0.1,2,500,0.95,1.31411585956176
75,0.14,5,400,0.95,1.31416778755186
996,0.01,5,500,0.5,1.31417678959802
35,0.14,2,200,0.95,1.31420118006042
18,0.06,4,100,0.95,1.31444487244711
14,0.1,3,100,0.95,1.31518573085422
396,0.01,5,500,0.8,1.31518942361586
207,0.04,2,100,0.85,1.31544756810617
722,0.04,5,100,0.6,1.31595655332039
110,0.14,2,100,0.9,1.31612039692112
243,0.06,4,200,0.85,1.31619771201424
139,0.1,3,200,0.9,1.31624826426182
682,0.04,2,500,0.65,1.31680226424288
667,0.04,4,400,0.65,1.317291940873
143,0.06,4,200,0.9,1.31733746783859
796,0.01,5,500,0.6,1.3176929374681
313,0.06,3,100,0.8,1.3180699815796
173,0.06,5,400,0.9,1.31835233881965
133,0.06,2,200,0.9,1.31845599577128
856,0.01,2,400,0.55,1.31867350214791
746,0.01,5,200,0.6,1.318687670464
581,0.01,2,500,0.7,1.31870083060984
748,0.06,5,200,0.6,1.3189377741919
432,0.04,2,200,0.75,1.31932680577489
79,0.1,1,500,0.95,1.31933357911625
148,0.06,5,200,0.9,1.31948788944838
618,0.06,4,100,0.65,1.31963587051866
8,0.06,2,100,0.95,1.31977859967931
566,0.01,4,400,0.7,1.31979133730985
486,0.01,3,500,0.75,1.31979874690743
522,0.04,5,100,0.7,1.32072988127
824,0.1,5,100,0.55,1.32117997524535
107,0.04,2,100,0.9,1.32138511594888
737,0.04,3,200,0.6,1.32140406634715
232,0.04,2,200,0.85,1.32141113514091
23,0.06,5,100,0.95,1.3216523904102
238,0.06,3,200,0.85,1.32177636095973
547,0.04,5,200,0.7,1.32179096791568
359,0.1,2,400,0.8,1.32209299990477
706,0.01,2,100,0.6,1.32210875955722
811,0.01,3,100,0.55,1.32223673251644
284,0.1,2,500,0.85,1.32245997563802
125,0.14,5,100,0.9,1.32249953992079
40,0.14,3,200,0.95,1.32251544820482
167,0.04,4,400,0.9,1.32254729060541
399,0.1,5,500,0.8,1.32321897539205
907,0.04,2,100,0.5,1.32377946790637
288,0.06,3,500,0.85,1.32502170438022
3,0.06,1,100,0.95,1.32523812524689
841,0.01,4,200,0.55,1.32525381539957
218,0.06,4,100,0.85,1.32598380100127
931,0.01,2,200,0.5,1.32619304538534
45,0.14,4,200,0.95,1.326776938833
149,0.1,5,200,0.9,1.3267922073747
240,0.14,3,200,0.85,1.32683311565881
496,0.01,5,500,0.75,1.32685574279661
273,0.06,5,400,0.85,1.32688736849782
192,0.04,4,500,0.9,1.32693236112095
806,0.01,2,100,0.55,1.32708413380419
189,0.1,3,500,0.9,1.32727624247227
531,0.01,2,200,0.7,1.32743945494229
132,0.04,2,200,0.9,1.32753542997512
612,0.04,3,100,0.65,1.32828175786803
451,0.01,1,400,0.75,1.32833038769478
92,0.04,4,500,0.95,1.32850496962073
318,0.06,4,100,0.8,1.32875979875883
771,0.01,5,400,0.6,1.32881278885617
562,0.04,3,400,0.7,1.3291192137139
124,0.1,5,100,0.9,1.32919785349374
163,0.06,3,400,0.9,1.32926356950128
586,0.01,3,500,0.7,1.32949483573612
832,0.04,2,200,0.55,1.32973108571601
210,0.14,2,100,0.85,1.32974400107714
541,0.01,4,200,0.7,1.33022282189029
65,0.14,3,400,0.95,1.33050224562135
135,0.14,2,200,0.9,1.33233014476317
961,0.01,3,400,0.5,1.33294769551226
711,0.01,3,100,0.6,1.33323491362047
97,0.04,5,500,0.95,1.33326392133028
952,0.04,1,400,0.5,1.33371898271627
881,0.01,2,500,0.55,1.33454919400719
327,0.04,1,200,0.8,1.33478996716138
67,0.04,4,400,0.95,1.33486866421983
317,0.04,4,100,0.8,1.33492630144065
62,0.04,3,400,0.95,1.33541457682415
227,0.04,1,200,0.85,1.33543431995063
807,0.04,2,100,0.55,1.33558826104682
200,0.14,5,500,0.9,1.33614293491396
5,0.14,1,100,0.95,1.33636372942564
113,0.06,3,100,0.9,1.33652578697592
424,0.1,5,100,0.75,1.33681483211273
319,0.1,4,100,0.8,1.33774169928118
357,0.04,2,400,0.8,1.33887755240789
414,0.1,3,100,0.75,1.33980521200411
391,0.01,4,500,0.8,1.34178324533783
723,0.06,5,100,0.6,1.34190059075888
512,0.04,3,100,0.7,1.34262438919923
942,0.04,4,200,0.5,1.34287931170202
386,0.01,3,500,0.8,1.34466426700034
172,0.04,5,400,0.9,1.34567073747056
235,0.14,2,200,0.85,1.3465510305222
134,0.1,2,200,0.9,1.34727487659084
74,0.1,5,400,0.95,1.3482108705625
214,0.1,3,100,0.85,1.34837567556524
816,0.01,4,100,0.55,1.34838402585596
591,0.01,4,500,0.7,1.34839092510602
38,0.06,3,200,0.95,1.34851878992324
423,0.06,5,100,0.75,1.34862592934673
556,0.01,2,400,0.7,1.35027141649574
831,0.01,2,200,0.55,1.35111217871587
781,0.01,2,500,0.6,1.35148928397851
536,0.01,3,200,0.7,1.35161506062153
324,0.1,5,100,0.8,1.35188957433826
312,0.04,3,100,0.8,1.35214620384457
991,0.01,4,500,0.5,1.35288539493209
287,0.04,3,500,0.85,1.35303560364137
491,0.01,4,500,0.75,1.3536207156467
112,0.04,3,100,0.9,1.35441872789373
338,0.06,3,200,0.8,1.35448799527285
891,0.01,4,500,0.55,1.35467333026693
25,0.14,5,100,0.95,1.35520442875186
251,0.01,1,400,0.85,1.3552604525286
248,0.06,5,200,0.85,1.35542530857256
757,0.04,2,400,0.6,1.35564317409564
533,0.06,2,200,0.7,1.35573348644983
293,0.06,4,500,0.85,1.35628247583668
268,0.06,4,400,0.85,1.35665518376568
114,0.1,3,100,0.9,1.35748326346554
981,0.01,2,500,0.5,1.35819060972306
793,0.06,4,500,0.6,1.35864937404355
342,0.04,4,200,0.8,1.35874108133834
237,0.04,3,200,0.85,1.35880673932739
641,0.01,4,200,0.65,1.35888711587941
212,0.04,3,100,0.85,1.35918811981194
452,0.04,1,400,0.75,1.35922547464743
119,0.1,4,100,0.9,1.36014513074157
412,0.04,3,100,0.75,1.36164704152602
887,0.04,3,500,0.55,1.36198821588087
339,0.1,3,200,0.8,1.36267778364946
49,0.1,5,200,0.95,1.36302718907234
761,0.01,3,400,0.6,1.36327470288548
217,0.04,4,100,0.85,1.36516713734973
208,0.06,2,100,0.85,1.36541644887982
933,0.06,2,200,0.5,1.36559381252552
466,0.01,4,400,0.75,1.36598134567384
561,0.01,3,400,0.7,1.36636850861744
572,0.04,5,400,0.7,1.36669644499262
558,0.06,2,400,0.7,1.36709775038459
349,0.1,5,200,0.8,1.36773321319387
57,0.04,2,400,0.95,1.36776334513626
59,0.1,2,400,0.95,1.36829001167629
474,0.1,5,400,0.75,1.36969395559294
592,0.04,4,500,0.7,1.36995748394173
417,0.04,4,100,0.75,1.37045437648813
420,0.14,4,100,0.75,1.37076857305181
804,0.1,1,100,0.55,1.37093931368902
916,0.01,4,100,0.5,1.37134542200141
852,0.04,1,400,0.55,1.37181839823219
22,0.04,5,100,0.95,1.37457444629699
42,0.04,4,200,0.95,1.37483204510414
220,0.14,4,100,0.85,1.37566323150711
666,0.01,4,400,0.65,1.37601290894961
347,0.04,5,200,0.8,1.376335058678
621,0.01,5,100,0.65,1.37673039403453
145,0.14,4,200,0.9,1.37771473485872
971,0.01,5,400,0.5,1.37849365113702
766,0.01,4,400,0.6,1.37928779284427
404,0.1,1,100,0.75,1.37955074859684
44,0.1,4,200,0.95,1.3796687726053
276,0.01,1,500,0.85,1.37988609687532
199,0.1,5,500,0.9,1.38000338798063
791,0.01,4,500,0.6,1.38064830124128
508,0.06,2,100,0.7,1.3813290460327
418,0.06,4,100,0.75,1.38226591460205
906,0.01,2,100,0.5,1.38314701602452
281,0.01,2,500,0.85,1.384261105214
686,0.01,3,500,0.65,1.38477985831206
636,0.01,3,200,0.65,1.38479872768945
721,0.01,5,100,0.6,1.38494592881334
381,0.01,2,500,0.8,1.38559029655323
314,0.1,3,100,0.8,1.38778336815283
836,0.01,3,200,0.55,1.39332915662803
611,0.01,3,100,0.65,1.39340933202033
262,0.04,3,400,0.85,1.39387853576703
661,0.01,3,400,0.65,1.39617976248475
622,0.04,5,100,0.65,1.39957873806672
332,0.04,2,200,0.8,1.40031911785865
170,0.14,4,400,0.9,1.40149739052104
64,0.1,3,400,0.95,1.40232218766875
310,0.14,2,100,0.8,1.40329022024054
534,0.1,2,200,0.7,1.40356618049289
162,0.04,3,400,0.9,1.40485730664495
47,0.04,5,200,0.95,1.40627533749474
297,0.04,5,500,0.85,1.40632009486368
343,0.06,4,200,0.8,1.40660088694249
27,0.04,1,200,0.95,1.40660717025965
448,0.06,5,200,0.75,1.41011829446611
616,0.01,4,100,0.65,1.41082308886384
150,0.14,5,200,0.9,1.41163705896743
910,0.14,2,100,0.5,1.41331819837617
361,0.01,3,400,0.8,1.41589751653125
100,0.14,5,500,0.95,1.41736332173672
373,0.06,5,400,0.8,1.41784977723204
886,0.01,3,500,0.55,1.4180757574189
89,0.1,3,500,0.95,1.4183640133661
2,0.04,1,100,0.95,1.4188903969685
70,0.14,4,400,0.95,1.41918074352574
823,0.06,5,100,0.55,1.42008346515357
120,0.14,4,100,0.9,1.42087913328076
463,0.06,3,400,0.75,1.42242721594466
257,0.04,2,400,0.85,1.42314614911043
871,0.01,5,400,0.55,1.42390049118791
72,0.04,5,400,0.95,1.423915363953
168,0.06,4,400,0.9,1.42507130933408
401,0.01,1,100,0.75,1.42766500048276
194,0.1,4,500,0.9,1.42900948876647
438,0.06,3,200,0.75,1.43039411425203
115,0.14,3,100,0.9,1.43061303257254
247,0.04,5,200,0.85,1.4309840120864
923,0.06,5,100,0.5,1.43263926786247
371,0.01,5,400,0.8,1.43343503949988
164,0.1,3,400,0.9,1.43568708482665
436,0.01,3,200,0.75,1.43958187168174
393,0.06,4,500,0.8,1.44095297823227
366,0.01,4,400,0.8,1.44219745777462
17,0.04,4,100,0.95,1.44280723197976
117,0.04,4,100,0.9,1.44476015078424
972,0.04,5,400,0.5,1.4448354898237
633,0.06,2,200,0.65,1.4460896518659
95,0.14,4,500,0.95,1.44725611567275
122,0.04,5,100,0.9,1.4494032336835
671,0.01,5,400,0.65,1.45200427412842
249,0.1,5,200,0.85,1.45634213851223
286,0.01,3,500,0.85,1.45636516716131
245,0.14,4,200,0.85,1.45908333528986
407,0.04,2,100,0.75,1.459783989266
160,0.14,2,400,0.9,1.46030744494691
398,0.06,5,500,0.8,1.46038444217908
610,0.14,2,100,0.65,1.4605249316348
183,0.06,2,500,0.9,1.46268718768343
80,0.14,1,500,0.95,1.46436571264135
34,0.1,2,200,0.95,1.46608985451316
242,0.04,4,200,0.85,1.46692812376882
847,0.04,5,200,0.55,1.4682333727699
85,0.14,2,500,0.95,1.47047507527801
363,0.06,3,400,0.8,1.47071481581261
941,0.01,4,200,0.5,1.47095959362724
32,0.04,2,200,0.95,1.47417794701823
223,0.06,5,100,0.85,1.47466434666568
282,0.04,2,500,0.85,1.47650872099304
456,0.01,2,400,0.75,1.4767017236028
593,0.06,4,500,0.7,1.47853968480733
12,0.04,3,100,0.95,1.47900102073044
719,0.1,4,100,0.6,1.47994311699199
333,0.06,2,200,0.8,1.4820694311715
607,0.04,2,100,0.65,1.48217868725684
461,0.01,3,400,0.75,1.48256558815796
239,0.1,3,200,0.85,1.48278583300488
704,0.1,1,100,0.6,1.48416618654198
169,0.1,4,400,0.9,1.48689655410299
471,0.01,5,400,0.75,1.48822833557499
786,0.01,3,500,0.6,1.49163064212513
350,0.14,5,200,0.8,1.49561384800144
444,0.1,4,200,0.75,1.49589930134332
296,0.01,5,500,0.85,1.49877090373048
60,0.14,2,400,0.95,1.49938554145755
938,0.06,3,200,0.5,1.49942223155998
712,0.04,3,100,0.6,1.49993144637026
382,0.04,2,500,0.8,1.50383912678659
368,0.06,4,400,0.8,1.50534252218522
713,0.06,3,100,0.6,1.50750888738578
419,0.1,4,100,0.75,1.50786819184843
182,0.04,2,500,0.9,1.50808407840668
537,0.04,3,200,0.7,1.51041380481026
642,0.04,4,200,0.65,1.5121205126985
596,0.01,5,500,0.7,1.51377607357882
334,0.1,2,200,0.8,1.51646364359999
348,0.06,5,200,0.8,1.51661936716824
50,0.14,5,200,0.95,1.5180137991209
323,0.06,5,100,0.8,1.51891840463886
443,0.06,4,200,0.75,1.51921093189472
986,0.01,3,500,0.5,1.52168150402543
431,0.01,2,200,0.75,1.52193024459094
37,0.04,3,200,0.95,1.522320125077
7,0.04,2,100,0.95,1.52605882893332
129,0.1,1,200,0.9,1.52853672335644
422,0.04,5,100,0.75,1.52909251858341
446,0.01,5,200,0.75,1.53337762585078
937,0.04,3,200,0.5,1.53345009248573
409,0.1,2,100,0.75,1.53444748450687
328,0.06,1,200,0.8,1.53657479556111
896,0.01,5,500,0.55,1.54001996053822
87,0.04,3,500,0.95,1.54197463960085
743,0.06,4,200,0.6,1.54332540605176
958,0.06,2,400,0.5,1.54568656894636
742,0.04,4,200,0.6,1.54849077599907
441,0.01,4,200,0.75,1.54887777410586
606,0.01,2,100,0.65,1.55099360983239
374,0.1,5,400,0.8,1.55187646811565
458,0.06,2,400,0.75,1.55269836097476
462,0.04,3,400,0.75,1.55660250642582
715,0.14,3,100,0.6,1.55762044316613
263,0.06,3,400,0.85,1.56028219731102
732,0.04,2,200,0.6,1.56106362480576
388,0.06,3,500,0.8,1.56285407913883
543,0.06,4,200,0.7,1.56559932018678
215,0.14,3,100,0.85,1.5669884695299
222,0.04,5,100,0.85,1.57207269215905
932,0.04,2,200,0.5,1.57293253597224
277,0.04,1,500,0.85,1.58422484802875
946,0.01,5,200,0.5,1.58531848812596
174,0.1,5,400,0.9,1.59109779163889
617,0.04,4,100,0.65,1.5959126639492
190,0.14,3,500,0.9,1.59779356708274
442,0.04,4,200,0.75,1.59919562559076
772,0.04,5,400,0.6,1.60853810732804
198,0.06,5,500,0.9,1.61155598069939
340,0.14,3,200,0.8,1.6158556050367
439,0.1,3,200,0.75,1.61719726264116
285,0.14,2,500,0.85,1.62433952651818
165,0.14,3,400,0.9,1.62797119997109
727,0.04,1,200,0.6,1.63434641196775
175,0.14,5,400,0.9,1.64156166042123
915,0.14,3,100,0.5,1.64331857365332
302,0.04,1,100,0.8,1.64503664144485
309,0.1,2,100,0.8,1.65181189563983
425,0.14,5,100,0.75,1.65925613486428
271,0.01,5,400,0.85,1.65930794257231
638,0.06,3,200,0.65,1.65943686988752
567,0.04,4,400,0.7,1.66152056048629
792,0.04,4,500,0.6,1.67547008222165
733,0.06,2,200,0.6,1.67782095028558
818,0.06,4,100,0.55,1.67948389984851
298,0.06,5,500,0.85,1.69091582614158
862,0.04,3,400,0.55,1.69647207862716
866,0.01,4,400,0.55,1.69771978710982
326,0.01,1,200,0.8,1.70133145560122
506,0.01,2,100,0.7,1.70230581234884
848,0.06,5,200,0.55,1.70302659699885
718,0.06,4,100,0.6,1.7045066397064
331,0.01,2,200,0.8,1.71425822991359
518,0.06,4,100,0.7,1.71429403060852
643,0.06,4,200,0.65,1.72580904874394
202,0.04,1,100,0.85,1.7259604292812
524,0.1,5,100,0.7,1.72808528875844
918,0.06,4,100,0.5,1.73468739365417
515,0.14,3,100,0.7,1.73930210549867
510,0.14,2,100,0.7,1.74014803172435
410,0.14,2,100,0.75,1.74147856973327
362,0.04,3,400,0.8,1.74690931397862
648,0.06,5,200,0.65,1.75128392441728
658,0.06,2,400,0.65,1.75160183723405
159,0.1,2,400,0.9,1.75200258660122
913,0.06,3,100,0.5,1.75710182153894
261,0.01,3,400,0.85,1.75712725662074
291,0.01,4,500,0.85,1.76179032045822
358,0.06,2,400,0.8,1.76326989487895
539,0.1,3,200,0.7,1.76976842342418
292,0.04,4,500,0.85,1.77255514075968
822,0.04,5,100,0.55,1.78667222122672
787,0.04,3,500,0.6,1.78723056652371
513,0.06,3,100,0.7,1.78872327485124
714,0.1,3,100,0.6,1.78902202278252
707,0.04,2,100,0.6,1.79171645796354
337,0.04,3,200,0.8,1.79506873089648
838,0.06,3,200,0.55,1.79937758224711
724,0.1,5,100,0.6,1.80039325778685
256,0.01,2,400,0.85,1.80211881672953
521,0.01,5,100,0.7,1.80331059374816
244,0.1,4,200,0.85,1.82555428584043
272,0.04,5,400,0.85,1.82813847826686
842,0.04,4,200,0.55,1.83016977356457
413,0.06,3,100,0.75,1.833638120769
632,0.04,2,200,0.65,1.839050665771
250,0.14,5,200,0.85,1.84430590987563
934,0.1,2,200,0.5,1.84475037061785
405,0.14,1,100,0.75,1.84624755791197
315,0.14,3,100,0.8,1.84763645741036
717,0.04,4,100,0.6,1.85160440321658
708,0.06,2,100,0.6,1.85493495880575
615,0.14,3,100,0.65,1.85496945580115
320,0.14,4,100,0.8,1.85596514962509
673,0.06,5,400,0.65,1.86125124565998
266,0.01,4,400,0.85,1.86140238460911
747,0.04,5,200,0.6,1.86626070151975
397,0.04,5,500,0.8,1.8740232235441
797,0.04,5,500,0.6,1.89025748751852
762,0.04,3,400,0.6,1.8906686011311
482,0.04,2,500,0.75,1.89531121815896
808,0.06,2,100,0.55,1.89703354941124
435,0.14,2,200,0.75,1.90716200429412
253,0.06,1,400,0.85,1.90722549717785
336,0.01,3,200,0.8,1.91317917678718
346,0.01,5,200,0.8,1.92550910664528
943,0.06,4,200,0.5,1.92732570010185
987,0.04,3,500,0.5,1.92819975711414
608,0.06,2,100,0.65,1.94559372339039
902,0.04,1,100,0.5,1.94597189220756
445,0.14,4,200,0.75,1.95103181759904
623,0.06,5,100,0.65,1.9545463528815
457,0.04,2,400,0.75,1.95938097870031
773,0.06,5,400,0.6,1.96072234637914
289,0.1,3,500,0.85,1.97286600723607
813,0.06,3,100,0.55,1.98910898510334
803,0.06,1,100,0.55,1.99759404198522
917,0.04,4,100,0.5,2.0001809448763
657,0.04,2,400,0.65,2.02663283366284
511,0.01,3,100,0.7,2.02982886461872
178,0.06,1,500,0.9,2.04613346485141
516,0.01,4,100,0.7,2.04838385717405
265,0.14,3,400,0.85,2.04946296385912
563,0.06,3,400,0.7,2.05889169691534
597,0.04,5,500,0.7,2.06959520916428
225,0.14,5,100,0.85,2.10462538648344
344,0.1,4,200,0.8,2.10583939882355
949,0.1,5,200,0.5,2.12888714995435
867,0.04,4,400,0.55,2.13859195562143
819,0.1,4,100,0.55,2.16272314628466
498,0.06,5,500,0.75,2.18511810787579
406,0.01,2,100,0.75,2.19607307743011
341,0.01,4,200,0.8,2.20406317375704
295,0.14,4,500,0.85,2.20445378511225
387,0.04,3,500,0.8,2.21935952034604
635,0.14,2,200,0.65,2.23104222751199
468,0.06,4,400,0.75,2.23257950954916
809,0.1,2,100,0.55,2.23271955870411
224,0.1,5,100,0.85,2.24130811474157
843,0.06,4,200,0.55,2.26051888547978
269,0.1,4,400,0.85,2.26491099439889
672,0.04,5,400,0.65,2.27034959161013
644,0.1,4,200,0.65,2.28539400684204
812,0.04,3,100,0.55,2.30396500106424
421,0.01,5,100,0.75,2.31119338646932
763,0.06,3,400,0.6,2.32204729736634
294,0.1,4,500,0.85,2.33344552956402
483,0.06,2,500,0.75,2.36486699029312
802,0.04,1,100,0.55,2.39433703241667
473,0.06,5,400,0.75,2.40208408165748
662,0.04,3,400,0.65,2.40759721402769
947,0.04,5,200,0.5,2.41926544156546
538,0.06,3,200,0.7,2.42928057362252
259,0.1,2,400,0.85,2.45659133258221
588,0.06,3,500,0.7,2.46474799774807
609,0.1,2,100,0.65,2.48596614086552
828,0.06,1,200,0.55,2.54324882749001
767,0.04,4,400,0.6,2.55575114472374
301,0.01,1,100,0.8,2.56051869922744
614,0.1,3,100,0.65,2.58315493332873
568,0.06,4,400,0.7,2.58655807001261
416,0.01,4,100,0.75,2.58820496425831
837,0.04,3,200,0.55,2.61244404188917
345,0.14,4,200,0.8,2.62904993530318
153,0.06,1,400,0.9,2.64523376794334
305,0.14,1,100,0.8,2.65382996607642
720,0.14,4,100,0.6,2.67414499864933
472,0.04,5,400,0.75,2.68163571561063
176,0.01,1,500,0.9,2.68705230347149
920,0.14,4,100,0.5,2.69003516026883
411,0.01,3,100,0.75,2.69160408712292
450,0.14,5,200,0.75,2.7058514404882
372,0.04,5,400,0.8,2.70734876492535
619,0.1,4,100,0.65,2.76532800970159
478,0.06,1,500,0.75,2.81322652936943
226,0.01,1,200,0.85,2.82508488398471
687,0.04,3,500,0.65,2.87588890583015
353,0.06,1,400,0.8,2.8796931980033
528,0.06,1,200,0.7,2.88249424068903
668,0.06,4,400,0.65,2.97748933406753
948,0.06,5,200,0.5,3.00433607046043
514,0.1,3,100,0.7,3.01732658344151
573,0.06,5,400,0.7,3.02165194864943
602,0.04,1,100,0.65,3.03081069290073
882,0.04,2,500,0.55,3.03128133763315
195,0.14,4,500,0.9,3.05477541143101
196,0.01,5,500,0.9,3.10707447087517
904,0.1,1,100,0.5,3.11444627450559
184,0.1,2,500,0.9,3.14810811107873
525,0.14,5,100,0.7,3.16090530656967
914,0.1,3,100,0.5,3.16220792860632
529,0.1,1,200,0.7,3.19773402696181
924,0.1,5,100,0.5,3.21741159047131
709,0.1,2,100,0.6,3.23827626292649
181,0.01,2,500,0.9,3.25160541838666
825,0.14,5,100,0.55,3.29662703192733
151,0.01,1,400,0.9,3.31605188896488
191,0.01,4,500,0.9,3.3368869040817
738,0.06,3,200,0.6,3.36457925151625
186,0.01,3,500,0.9,3.39604600359541
849,0.1,5,200,0.55,3.42568148290339
241,0.01,4,200,0.85,3.45933542264041
179,0.1,1,500,0.9,3.4840281114279
299,0.1,5,500,0.85,3.48663402949584
231,0.01,2,200,0.85,3.50569234424252
624,0.1,5,100,0.65,3.52260320552115
892,0.04,4,500,0.55,3.57262226750856
487,0.04,3,500,0.75,3.58069340386504
544,0.1,4,200,0.7,3.62077737760631
469,0.1,4,400,0.75,3.62219069579785
492,0.04,4,500,0.75,3.64492301382926
185,0.14,2,500,0.9,3.67411756630478
369,0.1,4,400,0.8,3.69860818831615
628,0.06,1,200,0.65,3.70334927521476
274,0.1,5,400,0.85,3.71958105904545
728,0.06,1,200,0.6,3.72588916458969
820,0.14,4,100,0.55,3.74343087214191
246,0.01,5,200,0.85,3.74568131717047
306,0.01,2,100,0.8,3.75349349696321
857,0.04,2,400,0.55,3.7811348032741
311,0.01,3,100,0.8,3.78744610483763
549,0.1,5,200,0.7,3.81319787281845
383,0.06,2,500,0.8,3.82165521187465
236,0.01,3,200,0.85,3.8649066602746
321,0.01,5,100,0.8,3.87450873332009
166,0.01,4,400,0.9,3.87787582221479
156,0.01,2,400,0.9,3.8899788067083
692,0.04,4,500,0.65,3.93976688734975
553,0.06,1,400,0.7,3.96151067890469
909,0.1,2,100,0.5,3.97295440133219
171,0.01,5,400,0.9,3.97958447470542
161,0.01,3,400,0.9,4.00108307083356
519,0.1,4,100,0.7,4.10928751388189
697,0.04,5,500,0.65,4.11543484454948
254,0.1,1,400,0.85,4.13198102378067
316,0.01,4,100,0.8,4.19354564275081
868,0.06,4,400,0.55,4.2190856082006
744,0.1,4,200,0.6,4.24885091335245
509,0.1,2,100,0.7,4.27539538624709
140,0.14,3,200,0.9,4.29929982714661
260,0.14,2,400,0.85,4.40245903346405
992,0.04,4,500,0.5,4.48624532148175
255,0.14,1,400,0.85,4.67087000138782
613,0.06,3,100,0.65,4.86745688471701
449,0.1,5,200,0.75,4.8914983810511
454,0.1,1,400,0.75,4.90813327750828
814,0.1,3,100,0.55,4.95020571566639
778,0.06,1,500,0.6,5.10247909893813
520,0.14,4,100,0.7,5.22402342164807
155,0.14,1,400,0.9,5.32502027363264
201,0.01,1,100,0.85,5.38931020754079
365,0.14,3,400,0.8,5.51376492178311
545,0.14,4,200,0.7,5.55497735770769
962,0.04,3,400,0.5,5.56136856491072
460,0.14,2,400,0.75,5.58723947503354
625,0.14,5,100,0.65,5.61248023388728
988,0.06,3,500,0.5,5.77049384247275
126,0.01,1,200,0.9,5.84337703335025
459,0.1,2,400,0.75,6.10646579963688
465,0.14,3,400,0.75,6.12963311209554
858,0.06,2,400,0.55,6.14254838832264
229,0.1,1,200,0.85,6.17797142585191
221,0.01,5,100,0.85,6.20892926550301
211,0.01,3,100,0.85,6.25868494968598
833,0.06,2,200,0.55,6.33411360664138
216,0.01,4,100,0.85,6.35890868848114
206,0.01,2,100,0.85,6.42617008960468
141,0.01,4,200,0.9,6.53504538273759
330,0.14,1,200,0.8,6.5711599858506
488,0.06,3,500,0.75,6.72598933076081
136,0.01,3,200,0.9,6.737131478915
131,0.01,2,200,0.9,6.75128352917207
146,0.01,5,200,0.9,6.86440521351518
758,0.06,2,400,0.6,7.0689182060647
364,0.1,3,400,0.8,7.08323572032206
279,0.1,1,500,0.85,7.1381387373546
678,0.06,1,500,0.65,7.29522371787593
504,0.1,1,100,0.7,7.73615194285799
739,0.1,3,200,0.6,7.77945185702059
872,0.04,5,400,0.55,7.90381565283986
76,0.01,1,500,0.95,7.9267114322752
355,0.14,1,400,0.8,8.03262892001918
91,0.01,4,500,0.95,8.11641964591457
101,0.01,1,100,0.9,8.21661709869917
96,0.01,5,500,0.95,8.26343473162631
749,0.1,5,200,0.6,8.37505503986923
378,0.06,1,500,0.8,8.50035804120522
81,0.01,2,500,0.95,8.50143743628325
86,0.01,3,500,0.95,8.51700333102445
61,0.01,3,400,0.95,8.52273690800544
51,0.01,1,400,0.95,8.52399337372263
56,0.01,2,400,0.95,8.68711644245828
71,0.01,5,400,0.95,8.74229632135732
116,0.01,4,100,0.9,8.74816671771858
121,0.01,5,100,0.9,8.85782592670452
111,0.01,3,100,0.9,8.95812172611795
66,0.01,4,400,0.95,8.99794900486167
605,0.14,1,100,0.65,9.00328585488615
106,0.01,2,100,0.9,9.18169315066664
384,0.1,2,500,0.8,9.44105979204673
26,0.01,1,200,0.95,9.81180980030355
620,0.14,4,100,0.65,9.83855045115968
300,0.14,5,500,0.85,9.84797931020978
389,0.1,3,500,0.8,9.95823580316795
31,0.01,2,200,0.95,10.1508693893106
41,0.01,4,200,0.95,10.2010152824919
46,0.01,5,200,0.95,10.2326860427004
36,0.01,3,200,0.95,10.261871286082
663,0.06,3,400,0.65,10.5180799796766
1,0.01,1,100,0.95,10.7428614567538
16,0.01,4,100,0.95,10.8705715808184
6,0.01,2,100,0.95,10.931509638722
21,0.01,5,100,0.95,10.9342796775142
11,0.01,3,100,0.95,10.9513496361844
499,0.1,5,500,0.75,11.0792984475991
897,0.04,5,500,0.55,11.2253538780623
693,0.06,4,500,0.65,12.1813569309533
275,0.14,5,400,0.85,12.2231096495057
977,0.04,1,500,0.5,12.3336222697401
878,0.06,1,500,0.55,12.3341445420964
953,0.06,1,400,0.5,12.9283645115116
705,0.14,1,100,0.6,13.5540682304671
598,0.06,5,500,0.7,13.8877905615114
944,0.1,4,200,0.5,14.1329465023238
634,0.1,2,200,0.65,14.3919508487444
957,0.04,2,400,0.5,14.6164287099844
494,0.1,4,500,0.75,15.3290224768093
925,0.14,5,100,0.5,15.4323758205593
815,0.14,3,100,0.55,16.173527164615
982,0.04,2,500,0.5,16.2973726140407
578,0.06,1,500,0.7,16.6237878705239
394,0.1,4,500,0.8,16.7473435435867
270,0.14,4,400,0.85,17.0282068545385
698,0.06,5,500,0.65,17.7496867483033
493,0.06,4,500,0.75,18.0002629496598
929,0.1,1,200,0.5,18.0574593259115
973,0.06,5,400,0.5,19.0980284551723
710,0.14,2,100,0.6,19.5311000136624
688,0.06,3,500,0.65,20.5728154303036
230,0.14,1,200,0.85,24.2703008125804
370,0.14,4,400,0.8,25.7117662595712
834,0.1,2,200,0.55,26.2146954812768
375,0.14,5,400,0.8,26.9579173919053
645,0.14,4,200,0.65,27.4173088114535
649,0.1,5,200,0.65,29.2085061203775
555,0.14,1,400,0.7,29.6964709688602
280,0.14,1,500,0.85,31.3833865235236
489,0.1,3,500,0.75,32.1552268144403
335,0.14,2,200,0.8,32.2334872644194
639,0.1,3,200,0.65,32.2716808711972
683,0.06,2,500,0.65,33.310098569831
829,0.1,1,200,0.55,34.2615180622166
395,0.14,4,500,0.8,34.3411037257705
464,0.1,3,400,0.75,35.3492602430169
810,0.14,2,100,0.55,35.7000280094774
574,0.1,5,400,0.7,39.4752263644552
798,0.06,5,500,0.6,39.6613082431494
863,0.06,3,400,0.55,50.1176177437657
559,0.1,2,400,0.7,52.1500397145907
753,0.06,1,400,0.6,54.2538796309573
535,0.14,2,200,0.7,57.7376930901636
963,0.06,3,400,0.5,58.0977410552516
354,0.1,1,400,0.8,61.2280237763423
650,0.14,5,200,0.65,64.9002933454465
569,0.1,4,400,0.7,67.0029231088705
734,0.1,2,200,0.6,68.853710906575
898,0.06,5,500,0.55,72.065104347574
440,0.14,3,200,0.75,77.0850196875484
290,0.14,3,500,0.85,78.0328699300384
873,0.06,5,400,0.55,78.8995010197214
853,0.06,1,400,0.55,79.5055637003643
883,0.06,2,500,0.55,80.9684071183673
983,0.06,2,500,0.5,82.496823791927
768,0.06,4,400,0.6,86.326991898978
805,0.14,1,100,0.55,90.3171814334908
385,0.14,2,500,0.8,95.7755135462675
783,0.06,2,500,0.6,101.137550737455
360,0.14,2,400,0.8,107.395626729176
839,0.1,3,200,0.55,116.044643272791
629,0.1,1,200,0.65,116.078103015205
997,0.04,5,500,0.5,117.897684471664
550,0.14,5,200,0.7,134.400118248813
379,0.1,1,500,0.8,137.565671634284
564,0.1,3,400,0.7,144.819317653728
540,0.14,3,200,0.7,155.165188585441
430,0.14,1,200,0.75,157.270896735184
844,0.1,4,200,0.55,169.733739233768
730,0.14,1,200,0.6,177.193485688739
729,0.1,1,200,0.6,195.826848145752
530,0.14,1,200,0.7,306.759520343791
788,0.06,3,500,0.6,410.068188750101
630,0.14,1,200,0.65,461.252538411442
484,0.1,2,500,0.75,512.916141799448
750,0.14,5,200,0.6,536.719774947228
500,0.14,5,500,0.75,745.516407104292
390,0.14,3,500,0.8,765.208203181186
640,0.14,3,200,0.65,765.335881887765
380,0.14,1,500,0.8,866.821230213119
400,0.14,5,500,0.8,941.556797443205
475,0.14,5,400,0.75,971.260583268044
599,0.1,5,500,0.7,1215.20234964051
589,0.1,3,500,0.7,1217.6422642825
968,0.06,4,400,0.5,1399.83941526467
479,0.1,1,500,0.75,1400.71106616106
455,0.14,1,400,0.75,1432.47232280805
735,0.14,2,200,0.6,1512.47784287365
669,0.1,4,400,0.65,1691.21144619006
998,0.06,5,500,0.5,1790.04037721706
893,0.06,4,500,0.55,1822.07885633711
579,0.1,1,500,0.7,1923.06270548149
584,0.1,2,500,0.7,2181.44572159006
470,0.14,4,400,0.75,2480.00006816395
740,0.14,3,200,0.6,2707.81883806726
935,0.14,2,200,0.5,3749.13694528883
764,0.1,3,400,0.6,4329.17641463051
674,0.1,5,400,0.65,4610.6194584783
745,0.14,4,200,0.6,5495.00673585591
888,0.06,3,500,0.55,5689.8292430671
485,0.14,2,500,0.75,6593.79260068277
594,0.1,4,500,0.7,7426.10965134897
978,0.06,1,500,0.5,9816.76548178782
554,0.1,1,400,0.7,10596.024781706
654,0.1,1,400,0.65,11253.705182474
759,0.1,2,400,0.6,19545.7690199063
845,0.14,4,200,0.55,27509.3389633297
565,0.14,3,400,0.7,65309.4551895121
675,0.14,5,400,0.65,73164.241264348
850,0.14,5,200,0.55,74324.9884237511
754,0.1,1,400,0.6,79976.9667223728
590,0.14,3,500,0.7,82127.1615730219
940,0.14,3,200,0.5,82401.90143931
993,0.06,4,500,0.5,85961.7275195714
664,0.1,3,400,0.65,117175.232767392
659,0.1,2,400,0.65,202019.762267632
490,0.14,3,500,0.75,218180.07478863
774,0.1,5,400,0.6,309445.603435294
835,0.14,2,200,0.55,417781.733917276
694,0.1,4,500,0.65,529012.039378265
864,0.1,3,400,0.55,680149.656437565
560,0.14,2,400,0.7,687560.68235319
840,0.14,3,200,0.55,985186.775920064
830,0.14,1,200,0.55,1093957.51877057
930,0.14,1,200,0.5,1099010.39889001
950,0.14,5,200,0.5,1363919.68169937
670,0.14,4,400,0.65,1488424.21781818
495,0.14,4,500,0.75,1559847.99521349
945,0.14,4,200,0.5,1705587.90780842
679,0.1,1,500,0.65,2533401.54644755
769,0.1,4,400,0.6,5178080.69103321
684,0.1,2,500,0.65,5215608.09016253
689,0.1,3,500,0.65,6012876.15057831
854,0.1,1,400,0.55,9285443.60498951
480,0.14,1,500,0.75,13455042.8446495
570,0.14,4,400,0.7,14564432.9338531
869,0.1,4,400,0.55,14877458.278237
655,0.14,1,400,0.65,17466174.9563007
575,0.14,5,400,0.7,37169968.7048733
699,0.1,5,500,0.65,38055471.1148877
874,0.1,5,400,0.55,64896233.0819395
784,0.1,2,500,0.6,84106124.2604631
585,0.14,2,500,0.7,107319646.146383
595,0.14,4,500,0.7,157478775.357186
799,0.1,5,500,0.6,333808990.535523
859,0.1,2,400,0.55,5276615701.10163
660,0.14,2,400,0.65,7102439265.22544
789,0.1,3,500,0.6,8126955381.65297
665,0.14,3,400,0.65,10524780790.7523
600,0.14,5,500,0.7,21192048414.9091
680,0.14,1,500,0.65,123474506146.983
580,0.14,1,500,0.7,137160729878.437
959,0.1,2,400,0.5,795123515254.278
884,0.1,2,500,0.55,934812234879.716
794,0.1,4,500,0.6,1611770710927.29
779,0.1,1,500,0.6,2119315826215.15
969,0.1,4,400,0.5,3603140848919.9
964,0.1,3,400,0.5,4739631283168.61
899,0.1,5,500,0.55,5367248282152.02
974,0.1,5,400,0.5,5372726726879.42
770,0.14,4,400,0.6,22911271092249.1
760,0.14,2,400,0.6,24389378010419.6
954,0.1,1,400,0.5,46097349682495.3
879,0.1,1,500,0.55,50093057719469.6
889,0.1,3,500,0.55,57331783433418.7
685,0.14,2,500,0.65,74991844869894
775,0.14,5,400,0.6,90317631166471.4
695,0.14,4,500,0.65,219236107358591
765,0.14,3,400,0.6,384932779298764
755,0.14,1,400,0.6,2506838172268537
894,0.1,4,500,0.55,3811075494351426
690,0.14,3,500,0.65,4302430004333472
700,0.14,5,500,0.65,14066957387803034
870,0.14,4,400,0.55,25338748901701444
800,0.14,5,500,0.6,2549280119293451264
780,0.14,1,500,0.6,3034669870380464128
979,0.1,1,500,0.5,12886527077750118400
855,0.14,1,400,0.55,1.14730826028423e+20
790,0.14,3,500,0.6,9.06839004908436e+20
989,0.1,3,500,0.5,3.96846364643891e+21
865,0.14,3,400,0.55,4.8198483349694e+21
860,0.14,2,400,0.55,1.86017118999033e+23
875,0.14,5,400,0.55,5.86307493682017e+23
970,0.14,4,400,0.5,8.18771823909463e+23
999,0.1,5,500,0.5,1.39509854066498e+24
955,0.14,1,400,0.5,1.737719553943e+24
795,0.14,4,500,0.6,1.88704733649978e+24
984,0.1,2,500,0.5,6.96312828722e+25
994,0.1,4,500,0.5,7.3089335039981e+26
975,0.14,5,400,0.5,1.60391250517183e+28
965,0.14,3,400,0.5,3.23735276228604e+28
785,0.14,2,500,0.6,5.69880538751541e+29
880,0.14,1,500,0.55,4.15299293128493e+31
900,0.14,5,500,0.55,1.68454269946962e+32
960,0.14,2,400,0.5,3.85906305483974e+32
895,0.14,4,500,0.55,3.88686341067633e+32
885,0.14,2,500,0.55,1.00210972285891e+34
890,0.14,3,500,0.55,4.51374135997046e+35
995,0.14,4,500,0.5,7.302206872988e+35
985,0.14,2,500,0.5,3.50642122137348e+38
980,0.14,1,500,0.5,1.66523388894445e+40
990,0.14,3,500,0.5,1.69410505637903e+41
1000,0.14,5,500,0.5,3.07894500818426e+42
